23.0 98.0 5.803885666 13.973153271
20.0 70.0 5.2693810762 15.488607754
18.0 66.0 8.7174048084 24.048732949
4.0 49.0 1.0983654319 23.47933217
2.0 34.0 0.9579199884 7.1116084958
15.0 45.0 7.205470844 5.0675145921
14.0 19.0 4.8180903585 8.2917446598
8.0 31.0 3.2413125874 11.672391401
6.0 26.0 1.0385709759 9.7158255719
10.0 34.0 5.8224507742 14.298918047
2.0 29.0 1.0576835832 11.016041782
8.0 60.0 2.5700331952 10.460046007
6.0 50.0 2.917965656 22.140742051
6.0 12.0 0.744198702 0.652105902
3.0 41.0 1.1639442474 18.676634967
8.0 53.0 1.1367118475 23.130895417
12.0 18.0 3.8748016889 1.8456722286
5.0 26.0 0.7360544614 1.8937297035
13.0 36.0 6.9230955039 10.661241319
3.0 3.0 1.1095528673 0.8947710601
9.0 48.0 0.5062154874 3.6807646632
13.0 57.0 2.0310714457 3.5818484869
5.0 58.0 0.9916671599 6.7479809565
11.0 38.0 3.2292657794 10.297624111
9.0 49.0 1.3834621548 4.5233292833
9.0 8.0 1.5636448855 2.0255821595
6.0 61.0 3.3854034548 24.846815355
4.0 63.0 0.3920958686 15.635617849
11.0 30.0 4.8409190626 12.402304692
9.0 38.0 4.0018086961 13.73369223
8.0 9.0 3.363799924 2.9664100045
9.0 48.0 1.4898407203 8.185175261
9.0 8.0 2.6063397484 1.0277679431
11.0 63.0 4.3205673575 5.9893050427
15.0 61.0 5.0280467279 15.347839669
6.0 12.0 1.8877933816 3.8885357056
14.0 46.0 5.4185585073 21.911657214
10.0 4.0 4.0550827644 0.4624925831
4.0 17.0 0.8119771327 5.387357369
5.0 41.0 2.4074781729 3.7547897086
6.0 16.0 2.2294661415 7.1772223742
2.0 18.0 0.6872971649 3.602648039
5.0 54.0 2.6869856597 17.030780979
7.0 9.0 0.4107268906 1.0602801054
2.0 51.0 0.4507114757 2.5700109082
9.0 34.0 0.6003682753 10.96647293
15.0 39.0 5.7718257915 15.699747426
12.0 29.0 5.8206162027 6.9696504248
11.0 33.0 2.0568448413 8.8593151599
11.0 4.0 0.9569775226 1.3502295422
10.0 44.0 4.5997345898 17.663331058
14.0 8.0 8.3624925442 2.6682129378
8.0 4.0 1.3650045018 1.0695505996
4.0 8.0 1.6385565299 0.4709805036
9.0 30.0 0.9651186308 4.6510650754
9.0 61.0 2.831316025 10.212246237
6.0 50.0 2.1601389524 23.737221578
4.0 46.0 0.354776094 19.018652934
7.0 31.0 2.1147744521 5.2482205495
5.0 12.0 1.2362562847 4.8138710126
12.0 48.0 4.3219379862 21.093063688
12.0 7.0 6.3926799345 0.5440417176
15.0 32.0 8.4049470699 9.8498461366
13.0 5.0 6.259110326 0.2907678748
10.0 16.0 4.2449972388 3.8044691029
13.0 38.0 5.4157159965 6.5857838354
5.0 31.0 1.4994882785 13.244354201
13.0 9.0 3.7844461669 3.6889579434
7.0 46.0 1.7066896719 22.501238801
4.0 13.0 0.6712136398 2.3503076253
13.0 17.0 4.3399006734 2.074382396
10.0 32.0 0.7318836858 3.7215418397
7.0 34.0 3.7432314036 12.052327224
14.0 61.0 5.6396752044 27.919308808
2.0 26.0 0.822861735 1.3022578737
11.0 40.0 0.7409916241 5.6069990421
6.0 20.0 2.6634246241 9.0003164232
11.0 49.0 3.6241883129 23.78154215
13.0 46.0 3.3851788216 13.76825096
4.0 32.0 1.6733073501 11.057236305
12.0 14.0 1.0493681206 6.9348638406
8.0 17.0 3.2652198374 2.4933944436
10.0 4.0 4.0448201335 1.6893403236
6.0 2.0 1.6376207454 0.5015261214
9.0 21.0 2.7695604231 10.296524154
11.0 8.0 5.8657265075 2.0450744783
12.0 56.0 2.0317595804 14.550797947
8.0 6.0 3.2621360735 1.1231433602
2.0 58.0 0.3627127956 16.264558415
10.0 38.0 1.2152306198 11.043786121
8.0 14.0 4.4105867492 2.454034885
6.0 34.0 3.0126539062 13.367914623
2.0 56.0 0.7392242728 26.563740599
15.0 19.0 2.2111263064 2.8560184564
8.0 9.0 0.7119885825 3.2655281853
9.0 36.0 5.0077042985 12.359888518
7.0 15.0 0.5989226058 3.1376443071
4.0 12.0 1.8227237829 3.8580245847
5.0 40.0 1.3735593612 7.6079198428
12.0 39.0 4.6954348545 2.8087520751
4.0 36.0 1.9986996849 17.349653956
15.0 31.0 1.721942769 9.0752579077
15.0 29.0 1.0582770415 8.3798761646
14.0 21.0 6.0861913525 2.2163909832
12.0 62.0 2.9297211503 18.526100318
6.0 43.0 3.1548827155 19.904243275
12.0 20.0 2.3126633299 8.5946109962
8.0 25.0 1.9269538654 1.8754232075
6.0 12.0 3.1081602206 2.2137508998
13.0 2.0 5.3439685763 0.4853217806
2.0 35.0 0.4795014928 6.1566933349
14.0 9.0 1.975086424 2.256484689
5.0 7.0 0.3192234015 2.0298291384
12.0 4.0 1.6637842798 1.9019522975
7.0 36.0 1.1595151013 3.0509006708
14.0 46.0 1.8733749258 14.069304309
12.0 31.0 4.992180505 4.3775468137
10.0 61.0 2.0748252056 8.1439124035
13.0 13.0 3.4401815748 1.4169136679
3.0 23.0 0.4859101036 5.7761365149
4.0 12.0 0.798316274 2.2940896687
12.0 55.0 3.2980105776 5.5424625791
6.0 49.0 3.3812936825 6.0007387301
8.0 29.0 3.4019690112 9.6432295446
12.0 49.0 1.9157863301 20.093135236
12.0 48.0 1.1579370371 14.294177394
8.0 5.0 3.0505576859 1.9636652407
7.0 63.0 2.5245621719 18.599511832
14.0 35.0 7.3690822887 10.309731206
6.0 63.0 1.507767926 8.1724631976
14.0 44.0 5.7411471609 3.5364119806
13.0 7.0 4.6905749024 2.763545419
11.0 36.0 3.3680520143 6.4989727868
2.0 22.0 1.1882552014 7.5556780093
2.0 56.0 0.8199590473 19.798981735
5.0 8.0 2.1526994685 2.5113693362
9.0 46.0 5.0446144872 21.059081105
7.0 10.0 2.6801581595 4.4761590368
10.0 53.0 4.2955002924 17.652873895
11.0 8.0 0.6763620557 1.5784644228
2.0 54.0 1.0087138919 11.980701722
13.0 28.0 3.7986985303 4.5279007468
6.0 33.0 0.642275806 7.8465572226
6.0 62.0 2.3916148182 9.8353337118
6.0 11.0 3.2721516142 3.31584457
15.0 12.0 3.4665573021 4.1863407253
11.0 50.0 5.7119442674 4.6694008605
2.0 41.0 0.8486428659 9.4970442937
5.0 45.0 2.0274563442 20.861475771
15.0 37.0 8.0132481532 12.312098859
12.0 20.0 2.161685668 5.8976575371
2.0 36.0 1.0681629918 7.5533915376
6.0 44.0 2.4023474284 19.495183935
2.0 38.0 0.1993668563 3.1161128514
3.0 20.0 1.7202196235 7.5482247127
8.0 8.0 3.9951471009 2.5264258831
10.0 41.0 4.9384953008 4.872054666
2.0 49.0 0.2899058495 22.480269276
10.0 38.0 3.5750609849 18.315785474
8.0 44.0 1.8559034352 9.7803951976
7.0 63.0 0.7463631981 20.585457144
5.0 55.0 0.6958127675 4.2169867882
15.0 42.0 5.1824593792 8.9589207219
13.0 16.0 5.4286774301 6.2435763897
14.0 47.0 7.6295234863 16.091703463
4.0 6.0 1.595721012 1.0638165252
12.0 17.0 2.6004610647 3.369840788
15.0 46.0 4.4937406066 10.250991801
15.0 32.0 8.7853882308 10.037174919
9.0 29.0 1.7128388787 12.984001814
11.0 21.0 4.2004211418 8.7641228847
8.0 47.0 3.1489972646 21.321429409
6.0 59.0 1.1470168507 25.524539065
10.0 36.0 5.4514214685 14.846165361
6.0 41.0 3.5539127122 20.346515775
11.0 49.0 2.8431770314 17.911983095
12.0 9.0 4.8449890463 0.5020059766
3.0 36.0 1.4917743695 12.426446533
12.0 53.0 1.515112695 24.021644611
8.0 23.0 0.8948609853 10.258001875
4.0 63.0 0.8335472668 30.457636394
9.0 31.0 1.9171831844 6.192256572
3.0 20.0 1.5606194866 3.7849318901
15.0 60.0 5.8910958145 7.8886558291
8.0 8.0 2.6276858599 2.9918052732
7.0 57.0 2.1270150259 20.423930322
13.0 6.0 4.7875308322 0.3810818827
6.0 18.0 2.020586261 3.3299683094
5.0 15.0 0.5609274898 3.856527348
11.0 7.0 5.4914801719 2.9138930339
4.0 29.0 2.0729500631 12.09215931
4.0 19.0 1.0343332547 2.246969129
5.0 30.0 1.1509011539 3.3404296302
9.0 37.0 2.7721029759 16.554169292
7.0 22.0 2.1033091776 9.4967201617
6.0 41.0 1.5826762985 3.3750182061
11.0 13.0 4.1897476734 0.7749158199
11.0 13.0 3.1330185063 4.255625536
2.0 14.0 0.7572174724 3.7584060336
12.0 45.0 2.5871918007 20.483642963
12.0 14.0 1.3940022243 6.3850734792
5.0 53.0 0.9913773083 25.962163424
6.0 46.0 2.1753589654 18.779094213
13.0 45.0 1.2632685928 8.0418220182
7.0 50.0 1.2328772903 9.5171753143
10.0 5.0 3.8369757349 0.8084159135
14.0 53.0 7.7411692473 14.813480879
5.0 27.0 2.3284576372 11.46341179
15.0 6.0 6.5751997341 2.3929404325
13.0 18.0 5.5571977397 7.5770412994
7.0 28.0 2.9131282927 7.0287607094
12.0 21.0 2.5381757312 3.5700889304
12.0 56.0 6.1449677167 6.0127195467
11.0 26.0 3.1648185327 10.001984702
4.0 22.0 1.91655653 8.7665892034
9.0 12.0 4.5818934651 2.9211598695
12.0 47.0 7.0696200274 9.3322569553
10.0 36.0 2.1772332523 17.280179948
7.0 5.0 1.252235308 0.6916823261
11.0 61.0 5.3371182392 20.642719949
14.0 11.0 2.6318227122 3.7756740779
12.0 59.0 4.7308998415 17.18471215
12.0 56.0 2.8634806787 8.0043356991
9.0 36.0 3.7458498141 6.4354761411
8.0 8.0 2.9360159989 1.0658826517
11.0 41.0 2.9069362844 8.0830723443
9.0 62.0 1.2753120654 5.3069671151
3.0 22.0 1.7951751837 1.6952756507
2.0 6.0 1.042063105 1.6776590887
7.0 45.0 3.8885817309 5.9480058235
9.0 56.0 4.0866795396 9.2036305962
2.0 48.0 0.5964987097 20.055836624
11.0 8.0 1.5367823354 3.1710824674
2.0 22.0 0.5588358388 9.7563339322
10.0 41.0 5.1260177975 9.39716994
9.0 53.0 2.3836486454 23.284555084
8.0 5.0 3.4616318162 1.677500861
9.0 59.0 1.3185630267 19.390064844
2.0 25.0 0.5004746555 1.8683245159
13.0 10.0 7.4061400853 4.0488236294
6.0 6.0 3.085419637 1.1673617225
6.0 10.0 0.353622136 2.3454212285
14.0 61.0 6.7371899662 19.747890183
15.0 5.0 6.6441259153 0.8167278704
15.0 29.0 7.0750930917 5.2845382274
12.0 56.0 1.1002360569 14.900976895
9.0 62.0 4.0977551112 27.161863275
9.0 23.0 4.7594115695 7.0505237266
13.0 48.0 2.8865355771 22.680049972
15.0 44.0 6.6729420547 10.473042638
11.0 47.0 1.5380278014 19.189344429
14.0 54.0 7.9579863986 17.098602205
15.0 16.0 2.8867758902 6.2808724287
8.0 20.0 3.3664005869 2.5548293498
6.0 17.0 0.3722643323 5.5623074075
12.0 51.0 6.9365268065 15.759444505
15.0 44.0 2.310917082 15.385876943
12.0 25.0 4.9936483961 9.0148096622
15.0 58.0 2.3926090517 4.0899026456
6.0 49.0 3.2794612819 12.494542657
2.0 32.0 0.5641864434 8.6165286817
12.0 4.0 6.456751211 1.5207186129
9.0 58.0 3.2142146403 7.4103708615
10.0 54.0 3.505386297 23.184533532
4.0 41.0 0.4836671896 4.3891035136
5.0 2.0 0.7407069252 0.8319697265
9.0 2.0 1.4046994118 0.5334402606
14.0 55.0 2.3037081104 16.284672849
11.0 43.0 1.020975464 10.686980551
13.0 23.0 5.5975445932 6.1172870458
7.0 25.0 0.6622305294 1.5460353341
13.0 23.0 7.2063945445 6.460439026
4.0 42.0 1.1056619564 4.5553721724
12.0 62.0 2.8329520047 19.012266595
7.0 58.0 3.0254386949 18.754731649
2.0 26.0 0.1123132408 5.2383013034
11.0 31.0 5.8713665559 9.155332441
14.0 47.0 4.9897197758 21.082390641
11.0 30.0 6.1873047155 9.4505204793
7.0 14.0 1.3015249494 4.4179972669
14.0 42.0 4.1151456084 9.5761174132
4.0 28.0 0.4404707369 5.233022638
12.0 47.0 3.2427090807 2.9565828414
12.0 35.0 2.7901133092 4.560739422
11.0 35.0 3.8300579763 16.557661019
7.0 45.0 2.8837686677 21.857919732
11.0 6.0 2.4873089521 1.029660324
8.0 40.0 1.761815311 6.8162042879
3.0 54.0 1.0274368556 13.856385872
12.0 49.0 6.6483985136 20.012126654
6.0 16.0 1.626056424 7.3147817922
14.0 7.0 4.2493498042 2.966298431
3.0 28.0 1.7323430487 2.5412046041
4.0 19.0 0.507284698 2.3676583658
10.0 25.0 3.524208546 4.5390475576
12.0 5.0 5.4308841267 1.1542943825
4.0 16.0 1.2164659308 0.8151208585
4.0 50.0 1.8254195826 15.87163324
5.0 32.0 0.4138189116 13.392012167
4.0 24.0 2.2154370022 8.5895936243
15.0 35.0 5.7642396009 15.792706138
2.0 16.0 1.1780391527 6.8451701127
15.0 23.0 6.8675963508 9.144201809
3.0 14.0 1.4321167004 5.2628337134
9.0 8.0 2.5425450066 1.8188757022
10.0 23.0 5.2497976728 8.6055437684
3.0 12.0 0.6188278759 1.2815357528
3.0 25.0 1.1365191744 10.944050848
4.0 25.0 1.9011124561 6.6523272285
7.0 35.0 2.4607763062 5.7723071077
8.0 43.0 2.9481792315 8.5965036419
10.0 51.0 1.5799937708 14.888296136
3.0 29.0 1.2039825041 11.402763237
15.0 4.0 2.9658114729 1.585263273
2.0 30.0 0.640428779 13.183689349
3.0 53.0 1.3346879742 16.762715061
11.0 47.0 2.6489878358 18.802243917
11.0 9.0 5.5243663835 2.5783312847
4.0 3.0 2.3415269783 0.8860294652
7.0 44.0 0.8137471652 20.313208154
12.0 50.0 3.5382038799 24.700607787
15.0 36.0 6.8810276992 9.629659306
2.0 12.0 0.9190019819 5.6336424328
7.0 46.0 0.4030016534 8.136620052
2.0 3.0 0.1686918419 0.2839150288
6.0 4.0 2.4225765573 1.0169531911
12.0 57.0 2.3573787133 10.128796234
14.0 26.0 7.0876860093 7.5458684358
11.0 42.0 1.784145108 7.6097874499
2.0 63.0 1.0486174162 27.356622921
9.0 39.0 2.5005807762 15.026405784
10.0 61.0 3.4080726595 15.587536353
13.0 15.0 2.3253634693 5.3922695895
2.0 15.0 0.592678858 5.9196454907
9.0 44.0 3.9951733549 20.069627
7.0 38.0 3.8640974223 16.109594101
5.0 60.0 2.8814560088 15.727331638
15.0 4.0 8.8055523389 0.306112659
8.0 54.0 0.6623296258 24.343006109
10.0 60.0 3.1607060776 20.034755767
7.0 52.0 1.359282201 21.664565579
12.0 42.0 1.6793432654 8.8584791704
5.0 62.0 2.9364327781 21.212559507
15.0 59.0 2.5708001266 17.114476375
14.0 13.0 6.9167472795 3.1040042403
15.0 54.0 4.9249064873 23.381761911
12.0 29.0 1.252618664 12.215839956
12.0 32.0 4.2560306263 9.1220516458
14.0 55.0 6.3625580407 21.048873703
11.0 24.0 4.1243564793 8.6433646917
13.0 20.0 6.007483416 4.2435643299
5.0 56.0 2.2031283083 8.0469552528
2.0 55.0 0.2129093747 13.780039521
5.0 31.0 2.1089316172 9.0657543995
15.0 48.0 1.7169965435 7.3663588059
7.0 35.0 1.7053728185 8.4507240393
9.0 46.0 1.3472169733 3.4352781564
6.0 53.0 1.2679001776 5.5025021859
5.0 62.0 1.7301597307 17.065264998
5.0 26.0 1.0141888906 12.383329431
2.0 44.0 0.1367184277 17.771290085
10.0 56.0 4.699728493 17.402434409
5.0 27.0 1.3868498103 2.738193561
12.0 37.0 6.1345598661 18.156295068
3.0 63.0 1.3551990725 21.950475539
3.0 41.0 0.9070425893 18.240358564
6.0 7.0 1.4517205821 2.6290606451
6.0 23.0 1.4548191901 2.3482075915
7.0 21.0 1.2653135201 5.7284182015
4.0 22.0 0.9346954707 7.3825898548
3.0 27.0 1.2124614433 5.1125325341
3.0 13.0 1.5229759945 5.78899364
11.0 29.0 2.5284703197 1.709259933
3.0 56.0 0.5384035936 20.175636856
2.0 45.0 0.4566419073 4.5686861837
14.0 13.0 1.2492327877 1.131293469
15.0 49.0 2.2621550272 11.008199962
11.0 37.0 1.8079593642 7.3952475562
3.0 9.0 0.9491721965 3.7508316472
8.0 21.0 3.0088416999 10.250592454
8.0 53.0 2.445989393 18.112793836
7.0 49.0 3.8669576431 3.9572847565
12.0 61.0 7.1200736857 15.176345844
2.0 37.0 1.0780759261 3.2125430732
5.0 45.0 1.5965528845 22.016456479
9.0 49.0 4.3461946483 12.603780451
4.0 62.0 1.7416565591 9.1795062312
12.0 30.0 5.9743529902 12.703212917
15.0 56.0 2.0845387109 15.487788152
14.0 18.0 4.761066493 1.4602992246
6.0 34.0 3.4722021497 12.498478312
2.0 50.0 0.2746815842 5.6816761258
15.0 50.0 1.0272910095 20.387463113
3.0 50.0 1.4445559907 13.84305775
3.0 2.0 0.4419524214 0.7912403512
6.0 28.0 1.4913218345 12.293840594
10.0 57.0 1.2988743973 16.471847634
7.0 43.0 2.7255611925 17.918852864
9.0 44.0 5.0730217619 16.72776001
5.0 25.0 1.6950663401 6.8429652204
5.0 40.0 0.6261555691 16.660004875
2.0 50.0 0.6874857489 10.177165047
4.0 43.0 0.5858541906 11.602643438
11.0 7.0 3.4776422074 2.6196840914
11.0 35.0 5.5748867366 11.664038016
3.0 53.0 0.4665891204 22.868592209
2.0 31.0 0.2192461592 13.194467805
12.0 20.0 5.5255974522 5.3300463103
3.0 19.0 1.3270585054 9.3267350522
7.0 15.0 1.2164604237 4.2853274767
5.0 58.0 0.4479839438 18.558373714
9.0 12.0 3.2634656524 2.7427881553
15.0 41.0 5.2576367866 13.224414123
9.0 10.0 2.4286109443 0.6205293852
12.0 62.0 2.9734759931 6.1531449168
14.0 51.0 3.976180043 12.638287676
7.0 52.0 2.5991890891 6.2917603756
3.0 12.0 1.7732222426 5.9438022466
3.0 20.0 0.9335766565 9.2608454033
9.0 2.0 1.2560104952 0.2462636211
4.0 17.0 0.6084835288 3.1399744803
3.0 33.0 1.1775760851 12.260142566
15.0 46.0 8.8843418101 18.152291356
8.0 44.0 3.9950339278 16.541012213
10.0 61.0 4.2091392216 24.867440363
2.0 41.0 0.4866027647 12.790115344
3.0 45.0 1.735576572 4.1730015117
13.0 28.0 3.5914901061 8.1740787763
13.0 56.0 3.9083589671 24.122496619
5.0 38.0 1.7864717726 17.75867761
12.0 60.0 4.8031946128 6.481278559
10.0 39.0 3.976871109 8.6235217484
4.0 31.0 1.8393745972 13.986104011
2.0 19.0 0.3051146757 4.4297338403
2.0 39.0 0.116508225 6.4421749299
7.0 25.0 2.5450042359 3.2020595232
4.0 54.0 1.8067490822 8.7870213328
9.0 61.0 0.8699644024 12.212941623
6.0 59.0 1.476135529 20.198814232
3.0 36.0 1.2287107709 8.7958351583
2.0 44.0 0.2168204848 17.442735433
5.0 4.0 0.3292616475 1.2443178815
3.0 45.0 0.2983387773 2.9375655501
15.0 22.0 5.1929478318 6.8663832481
3.0 30.0 0.9080360263 11.893846775
9.0 8.0 1.493664182 3.2746537394
11.0 36.0 5.6351880064 13.71181173
9.0 26.0 2.5295188906 8.5832650379
7.0 47.0 3.8259633222 22.949135965
8.0 35.0 3.3515018552 11.437592347
7.0 62.0 1.6559122845 27.788286221
5.0 37.0 1.6935634899 11.800829742
2.0 37.0 0.20789125 5.4060103922
14.0 37.0 7.4469007702 8.0254280932
4.0 46.0 1.7603559031 5.7938887044
2.0 44.0 0.2157639749 3.445729917
11.0 15.0 4.08414358 4.6000019663
9.0 29.0 5.3296233614 10.021896884
14.0 54.0 3.9038065787 10.013603762
12.0 26.0 3.9888464053 3.7507208561
10.0 6.0 5.6845104455 1.6337125864
13.0 53.0 4.7475986407 19.852456735
11.0 51.0 2.6317794116 14.82768233
6.0 63.0 3.3157349184 23.209765591
4.0 38.0 0.5625022602 14.078023191
3.0 16.0 1.634155969 1.6824231868
12.0 57.0 4.9806192385 15.116386529
5.0 45.0 1.0511531704 21.054468332
2.0 21.0 0.8369210066 2.7596276741
10.0 53.0 1.3412094487 15.562782635
10.0 36.0 2.2628427045 6.8920657948
5.0 59.0 0.3708745075 29.304862955
11.0 27.0 4.9068936929 3.2835370761
15.0 19.0 1.5237017005 6.503776489
2.0 5.0 0.6899859752 1.5443935127
4.0 35.0 2.1083146525 11.874094334
14.0 25.0 4.9142928758 4.2375520281
9.0 34.0 2.0516044692 2.5098231772
13.0 55.0 4.3435161152 8.0776958257
15.0 35.0 3.6654023578 2.028541046
10.0 44.0 3.6512647025 11.139601383
11.0 47.0 5.7540036768 19.910657232
11.0 42.0 0.7237537249 8.1884189522
12.0 26.0 0.7269094886 10.736153366
14.0 10.0 2.1617393653 3.6866529129
10.0 25.0 2.6521458726 4.4443175693
14.0 47.0 1.920377093 5.0137911406
11.0 61.0 4.3187374525 6.091278734
7.0 42.0 1.7669380323 2.8506311842
6.0 39.0 3.1113955059 7.336217085
14.0 56.0 4.8219748505 7.0950111703
2.0 19.0 0.9430010549 3.6373632477
9.0 46.0 4.1290749705 15.9596574
7.0 25.0 4.0890320571 10.768105792
6.0 57.0 2.1614707461 20.254125538
7.0 49.0 1.239382749 14.750628244
14.0 17.0 2.4551341256 8.4918169292
11.0 5.0 2.3207820895 0.3011472981
15.0 4.0 7.4845637379 0.9021676234
14.0 21.0 3.1769764203 9.7719744196
3.0 30.0 0.2219469038 14.137105614
6.0 18.0 2.7710133033 8.984537953
2.0 8.0 0.5362807901 1.441368194
13.0 46.0 5.5682323266 13.641118234
5.0 14.0 2.4668466674 4.1186387222
7.0 46.0 3.0527179632 12.081217377
3.0 27.0 1.4692894647 12.713080784
15.0 29.0 2.6648761399 2.0660263025
10.0 28.0 3.7719326737 5.216309889
15.0 62.0 6.8821726029 13.626391718
4.0 31.0 1.8993549873 7.0300690993
5.0 35.0 1.343645567 7.6141612733
2.0 50.0 1.1616580493 13.225185836
7.0 11.0 1.2196864024 3.7262288902
8.0 62.0 4.7135707423 26.884860743
5.0 45.0 2.4893130632 6.3512197784
4.0 61.0 1.3479033193 12.614818518
8.0 19.0 4.4435710178 4.5351407098
5.0 25.0 2.2796492328 6.0364328867
5.0 48.0 1.8949685793 15.828852039
4.0 18.0 0.889543637 7.4533148108
9.0 58.0 4.6723509651 19.619769619
4.0 43.0 0.982215199 15.36298874
10.0 34.0 0.5111165372 10.482226132
9.0 22.0 4.1091897668 1.6846547545
5.0 16.0 1.7565618776 7.7100125216
3.0 2.0 1.2889984661 0.4794420351
5.0 9.0 0.9030203776 0.6275489364
15.0 9.0 2.9479341518 3.2503129331
15.0 36.0 3.690229902 5.2723693087
10.0 33.0 1.9495605826 1.834364929
5.0 15.0 1.4434621187 1.1538868125
5.0 26.0 1.2019040889 2.2854724974
2.0 59.0 1.1119942313 4.6514393177
13.0 4.0 4.8576376148 1.7616188408
12.0 39.0 6.3269052034 18.181567825
3.0 4.0 1.7940117543 1.2478713185
5.0 33.0 1.2599821982 11.111127004
11.0 57.0 5.642154875 23.294219871
6.0 29.0 1.1304455096 13.285800944
8.0 44.0 3.5553996552 21.414704226
15.0 15.0 6.0831856352 7.053661122
5.0 57.0 2.7982786047 24.292841688
8.0 33.0 2.4337770036 14.287683426
12.0 40.0 2.0175068162 7.808062538
2.0 12.0 0.1017473048 1.2511534597
2.0 36.0 0.4101975644 3.0696766901
9.0 51.0 4.8564424276 24.701613016
14.0 21.0 4.659538411 2.9471180157
12.0 11.0 1.9494575948 1.4101449665
10.0 53.0 4.1096823803 6.6188850057
12.0 4.0 0.709335202 0.3064588303
15.0 49.0 8.8460560258 12.530799756
7.0 2.0 3.7594082618 0.6603813939
12.0 25.0 7.1727374815 7.8238411926
14.0 29.0 7.6575110583 8.8876952793
12.0 10.0 6.7701662431 3.1196192168
11.0 8.0 3.8161254567 1.417830464
5.0 12.0 1.1344477495 4.9812991025
14.0 6.0 5.4287101509 1.4874936776
7.0 41.0 2.9427665999 18.43978543
5.0 15.0 2.7622031049 1.9133645078
10.0 58.0 4.9773000161 4.3386052954
11.0 19.0 5.1680442349 7.3015161007
3.0 9.0 1.7544330057 1.2921702148
5.0 21.0 2.7491145016 6.7925803564
11.0 10.0 5.5780724314 1.4423014194
4.0 32.0 0.2853010279 10.388364053
8.0 21.0 0.8662460579 9.7500363829
3.0 7.0 0.7182351865 2.0707453888
10.0 55.0 1.6134147068 24.662381906
6.0 56.0 2.5218551684 16.056117221
14.0 40.0 5.69503018 12.477097778
10.0 36.0 3.8497772383 4.9251134844
4.0 62.0 0.8972637558 15.911464127
13.0 23.0 4.8326645544 3.1921310962
8.0 59.0 0.6911272524 23.53475236
8.0 26.0 3.031124525 6.5382688421
14.0 56.0 6.8569665802 5.5991834113
12.0 17.0 6.0055475571 1.171491217
7.0 13.0 3.3439755707 2.5463482018
11.0 51.0 1.836402818 16.432140433
6.0 27.0 0.6671159423 13.467906634
15.0 5.0 4.4633272701 1.8680731396
13.0 53.0 1.632649809 23.963970737
4.0 19.0 0.8641968594 4.6122834192
3.0 26.0 0.9259311478 4.0442057652
12.0 32.0 2.6871670222 15.118520104
10.0 42.0 0.7792315898 9.5107525898
14.0 55.0 3.1403887838 11.875123008
8.0 37.0 4.3316357261 5.3282799699
9.0 29.0 2.1590565428 14.144911098
9.0 22.0 3.7392789465 4.1209021484
9.0 58.0 4.2890908346 22.592717237
15.0 8.0 8.2992529106 0.4746713676
5.0 36.0 2.8491461886 8.8326997796
7.0 16.0 0.7814845274 4.0042279422
6.0 62.0 1.7966139253 29.44013469
6.0 8.0 2.6967688917 0.60602252
9.0 15.0 3.1206111938 6.8191388195
6.0 61.0 1.2645296856 22.039889717
10.0 13.0 1.5557038089 5.3921387645
9.0 52.0 5.2048467372 16.157422248
10.0 32.0 4.8663311407 12.863962006
7.0 8.0 3.8657073258 1.8318679212
4.0 32.0 1.8715271355 2.4375100078
5.0 42.0 1.3954532373 7.5113594697
4.0 35.0 1.5334993035 15.100606684
13.0 36.0 6.353892057 10.103738102
11.0 60.0 1.0606149651 17.683429454
13.0 19.0 4.5214146319 5.5697153045
11.0 58.0 5.2214701993 7.1284588736
11.0 34.0 3.480154908 9.9189200044
13.0 19.0 4.5679104172 3.2242062606
2.0 35.0 0.7080801796 9.6874283448
3.0 15.0 0.5397151634 2.1509970692
2.0 52.0 0.4542959379 18.251932765
8.0 60.0 4.2546726962 22.174116459
13.0 32.0 7.1719715722 10.644860941
8.0 55.0 4.6223231367 15.971535575
15.0 7.0 3.7611969903 2.0802372553
11.0 31.0 5.1219275357 13.02488439
2.0 48.0 0.4682874949 7.9481838218
12.0 18.0 2.4685934707 3.9092516674
2.0 51.0 0.8051094691 12.590579844
8.0 38.0 4.3653266218 17.874405756
11.0 55.0 2.4069712185 18.541577483
12.0 41.0 4.9990326789 9.8277953313
11.0 37.0 4.6077339661 10.888122567
15.0 31.0 6.3137935467 1.6178847848
2.0 52.0 0.9476334265 25.693682011
8.0 32.0 1.4746324475 2.476431293
3.0 56.0 0.6168823296 25.666580815
9.0 25.0 5.2110901528 10.54836815
7.0 8.0 1.4523839855 1.1143617403
12.0 35.0 2.527226032 4.984585055
10.0 14.0 4.4025644751 2.9120113448
10.0 40.0 2.4130363292 8.9598768382
6.0 32.0 1.6756897718 2.1277385652
3.0 43.0 1.0338658748 14.189464294
11.0 13.0 4.338876958 4.5655057652
3.0 55.0 0.9695337194 5.0589969799
2.0 27.0 0.9922662573 4.5889737636
8.0 51.0 4.7069542279 21.977410124
6.0 53.0 0.7539841263 9.4949585417
12.0 42.0 1.5062475715 4.2038483788
10.0 4.0 3.9363958352 0.2199933457
8.0 15.0 2.7131229122 7.3795839013
15.0 29.0 5.4645658402 13.549825692
3.0 8.0 0.5702989937 3.3721334692
6.0 18.0 1.6314871411 7.3282588374
5.0 15.0 0.5340159952 7.1015749469
8.0 15.0 2.5510287591 5.2910457197
12.0 35.0 2.0392432682 9.2302596973
11.0 58.0 0.6228610092 4.1249037041
5.0 54.0 1.5050872392 24.173710334
13.0 43.0 4.4328802635 4.6990390965
5.0 10.0 2.0311732793 3.587571906
2.0 37.0 0.4797466142 12.036356875
13.0 56.0 5.8717990408 14.449767527
14.0 31.0 2.0683514861 7.2663956255
15.0 26.0 8.3250847814 11.52067956
10.0 13.0 4.0134110033 5.5679345839
4.0 59.0 1.3461351004 8.6020650592
4.0 61.0 1.0612296129 3.871700506
10.0 30.0 2.0002221307 11.050823348
2.0 57.0 0.1567685578 4.3924693985
5.0 21.0 2.2048922117 2.3876606032
3.0 20.0 0.4460913677 7.1339041367
10.0 44.0 2.7302564435 15.001491797
10.0 7.0 1.7283813862 3.2038053128
15.0 13.0 4.7312472541 1.4003445343
9.0 31.0 2.0298457955 9.8080017221
3.0 30.0 1.239140388 13.096267412
6.0 46.0 3.0693189656 19.433509323
6.0 30.0 1.7478998394 6.7207430551
6.0 53.0 1.8136561934 4.621990252
10.0 10.0 1.4409563343 3.5208432889
6.0 44.0 3.4230556863 15.462162373
6.0 36.0 3.3927123953 12.512511816
9.0 47.0 2.3678653124 20.595035326
2.0 5.0 0.3498576482 1.1381221595
14.0 21.0 2.9773068338 9.2129614607
7.0 35.0 0.4200791539 5.7462504789
13.0 29.0 5.2705119076 8.04716737
3.0 29.0 1.6727898019 2.7037740832
4.0 63.0 1.5697415554 15.779703243
8.0 21.0 0.9477714044 5.1877774744
3.0 8.0 0.8740922056 1.0203436029
8.0 32.0 4.5590928059 11.925261506
10.0 56.0 3.9100560535 18.139032047
9.0 25.0 5.1002542498 6.8297676274
9.0 62.0 3.4793821596 6.1302631277
9.0 46.0 3.0739226533 17.00582294
14.0 19.0 1.0528123633 8.7256146158
12.0 29.0 5.9291342279 6.2024579336
9.0 32.0 0.6036053038 15.918934381
3.0 5.0 1.569069182 1.2606093055
6.0 5.0 1.3574292847 2.4981234843
8.0 50.0 3.5201227684 10.846509688
4.0 52.0 1.1507730358 13.784524515
14.0 58.0 8.3463324018 5.8025691823
11.0 46.0 4.5341866581 18.343335035
4.0 31.0 1.1764155246 5.5894388307
6.0 47.0 1.5744936162 18.260970129
7.0 59.0 2.2338826593 18.65107181
8.0 34.0 1.0517444084 15.390799861
5.0 62.0 2.9639725968 27.181730502
2.0 40.0 1.1013575226 12.695046901
9.0 58.0 4.7012952046 24.79332512
3.0 12.0 1.3661086664 0.6950764117
12.0 53.0 5.5598279768 17.88089876
2.0 59.0 0.8983822939 10.406471195
12.0 4.0 1.5098396137 1.889640702
10.0 54.0 0.5708261187 16.250255622
13.0 53.0 6.5399190341 15.394062657
12.0 13.0 2.6568605342 2.0899694885
6.0 12.0 2.3334297311 1.1731667633
2.0 23.0 0.4303090867 8.2585114506
11.0 48.0 4.0267745197 4.9235780974
4.0 32.0 1.3425975659 5.2309559104
6.0 2.0 3.2956312605 0.4079541169
9.0 31.0 5.2986924134 2.4387930246
14.0 2.0 3.3924515269 0.6078812134
5.0 36.0 1.7418239438 1.9012748035
8.0 30.0 1.9044064109 6.2492306691
6.0 6.0 2.4426716837 0.6389223057
10.0 23.0 2.9751613948 8.0345071048
3.0 19.0 1.2261616034 6.7058539921
5.0 53.0 2.5271538971 6.1608517552
6.0 8.0 0.6751889 3.0947272665
11.0 33.0 2.7641047198 4.6148315362
10.0 13.0 5.8302052773 5.4856719262
10.0 49.0 2.9628562705 15.399053925
6.0 29.0 1.4487904699 2.0142985503
15.0 37.0 6.3734216925 2.7889135313
5.0 61.0 0.6678486481 8.7200155646
3.0 55.0 0.9508799043 26.744423304
5.0 60.0 2.0525125743 15.656287254
13.0 40.0 5.8659972964 17.856825831
3.0 34.0 1.4345570082 7.0186638033
7.0 9.0 0.8452714839 1.0779659424
9.0 25.0 3.8524935585 3.6968531556
5.0 49.0 1.8628210391 11.338771415
2.0 3.0 0.2423124798 0.5077911194
9.0 46.0 2.2076921346 22.316476178
9.0 43.0 4.5057344647 13.763273083
8.0 58.0 4.1393162759 12.521552151
7.0 48.0 3.1707373099 20.345624477
15.0 23.0 7.9266643597 4.8216515994
10.0 34.0 0.8961374241 5.9042644646
6.0 21.0 3.298681244 9.9030452396
9.0 19.0 2.105974836 2.3207145069
11.0 34.0 4.9362689258 2.4368074696
14.0 34.0 5.821835581 9.6103523807
11.0 57.0 6.3527533195 10.760695678
8.0 13.0 2.1448699372 4.8786698543
3.0 16.0 1.1602822337 5.8737257177
12.0 3.0 2.6831377238 0.7915732693
9.0 23.0 4.0705970315 5.8289205472
4.0 17.0 0.6480673831 3.0314828622
2.0 2.0 0.3033058244 0.9118814821
7.0 43.0 2.6442484407 17.045131225
14.0 48.0 8.2126265865 10.305460866
4.0 34.0 2.1319961763 2.1621144778
2.0 51.0 0.1104836044 7.1716966546
13.0 8.0 1.5553461773 2.8432627486
6.0 59.0 3.3481937996 27.27529714
13.0 30.0 0.9095514511 9.0531328675
6.0 62.0 3.192918865 14.796593566
8.0 28.0 4.2083268286 8.6405733189
9.0 61.0 1.3635173785 18.459034511
14.0 4.0 5.0602572446 1.9406018904
4.0 21.0 1.5585439176 7.1770348424
5.0 11.0 1.8292001619 4.0539938656
4.0 26.0 1.85584199 12.02542073
5.0 35.0 2.6108025946 7.1901290525
2.0 58.0 0.8929297384 22.850736139
5.0 63.0 1.4435745518 29.966295927
13.0 48.0 1.9167780124 23.601743867
7.0 4.0 2.9741023545 1.8690818711
12.0 28.0 4.6624999765 13.936322545
11.0 49.0 6.0227616331 3.3800706353
6.0 26.0 1.3406329108 1.8273580802
14.0 31.0 5.3487821912 7.0541289356
3.0 5.0 0.2810764796 1.5508261293
5.0 32.0 2.5609758152 9.2755117728
10.0 22.0 2.8336374112 7.8006159405
15.0 20.0 8.617315168 8.9015742285
3.0 14.0 0.2506639877 4.0891251734
2.0 56.0 0.5269944019 15.545372592
6.0 52.0 0.8065560987 24.620834304
7.0 43.0 0.4528713922 15.973602822
2.0 4.0 0.6683762856 0.2757286076
5.0 34.0 1.5130331713 16.785707136
6.0 35.0 3.526791548 6.9388659717
11.0 48.0 2.0240951074 16.663069207
5.0 8.0 2.1697975473 1.444158282
11.0 14.0 1.72817544 6.559182425
11.0 59.0 6.0038867787 21.554030436
2.0 39.0 0.6966356518 14.635851141
8.0 12.0 2.4906309024 2.6418096774
13.0 2.0 1.7386571877 0.1083739303
2.0 43.0 0.957316855 11.620882972
8.0 43.0 1.1188349146 6.2123930955
14.0 23.0 1.6327934292 2.2855252582
5.0 34.0 2.0988688121 8.8211165246
4.0 5.0 0.6873229113 1.4205807034
3.0 45.0 0.9528948448 16.722529237
2.0 50.0 0.2303688064 20.000268136
15.0 15.0 7.3402823419 2.506793476
8.0 40.0 0.4268061736 3.1297044401
8.0 9.0 1.8746831657 3.9930296636
10.0 29.0 0.725677292 4.9709607745
8.0 21.0 1.7171250074 5.7238252206
10.0 38.0 1.7038083703 17.265194136
15.0 2.0 7.3021734084 0.935924214
3.0 12.0 0.3191350465 3.0852030782
8.0 47.0 2.0439417513 16.191712128
15.0 44.0 8.4016645779 3.7436272043
3.0 58.0 1.2484894215 7.9885212448
5.0 55.0 0.4039851393 26.994498407
2.0 2.0 1.1325854394 0.8532881186
7.0 17.0 0.4609955544 5.9868914326
13.0 58.0 5.1800622677 13.140304145
14.0 7.0 1.1325665298 1.1473605552
10.0 16.0 2.5271543979 2.8709811996
2.0 59.0 0.5297764584 8.418602696
5.0 15.0 1.8131117128 2.3505015366
4.0 52.0 1.0680958816 19.935477863
2.0 60.0 0.3016540458 16.714354335
7.0 45.0 0.5109567474 18.071343148
10.0 56.0 1.6372118337 3.2333775682
15.0 21.0 1.98844403 8.5867791888
10.0 38.0 1.0316266561 18.586446998
13.0 3.0 4.6428537429 0.276774918
4.0 19.0 1.1995928307 1.6244822264
12.0 16.0 5.642548877 1.30038862
4.0 45.0 0.3808155804 2.5681947994
14.0 12.0 6.9109020709 5.1162240681
8.0 46.0 4.3839571243 13.098176879
5.0 39.0 0.6792933619 7.9775650153
8.0 11.0 3.4594495579 3.9636633463
10.0 25.0 1.3745200852 3.3897452757
4.0 24.0 0.7489453992 1.5000249466
11.0 57.0 5.4412886269 21.403418288
12.0 60.0 5.8676849238 20.354927856
4.0 12.0 0.6871014002 1.9579862792
11.0 11.0 3.3809225088 4.6237409465
6.0 17.0 1.3136608147 4.7992969397
11.0 37.0 2.2529086859 13.328522578
8.0 31.0 0.7573122586 4.157964735
10.0 45.0 3.0421639296 6.6881038381
9.0 52.0 1.4447152063 17.862185985
14.0 10.0 7.8099267203 2.0654456278
13.0 29.0 2.7873590275 5.8159955158
15.0 53.0 3.6365300873 25.255313499
9.0 63.0 4.4286615923 24.959294321
2.0 42.0 0.728119409 16.443252583
2.0 54.0 0.5128827153 8.5405740593
5.0 41.0 0.9877478259 16.05359734
7.0 18.0 0.901274071 6.0324700815
14.0 3.0 1.0571371945 0.9623079757
3.0 31.0 0.4199005923 4.8100637078
15.0 42.0 6.6368893177 4.2620254459
9.0 58.0 3.4588321132 14.319923785
2.0 47.0 0.8167002219 10.59654356
13.0 39.0 5.4732055191 10.500288639
10.0 11.0 2.3372777552 4.923756328
2.0 51.0 0.9492271413 22.99454274
7.0 45.0 3.9281203748 2.772206
6.0 61.0 0.8734797414 17.285268868
2.0 5.0 0.7644906435 1.028010684
13.0 56.0 4.5948943103 21.868899758
8.0 53.0 3.2371114534 21.123086984
10.0 30.0 2.8883222379 5.575897125
8.0 23.0 4.1523976176 4.9407785577
4.0 7.0 0.3797269844 1.6733609088
12.0 24.0 7.0746354877 6.9510132892
13.0 37.0 5.7804900941 16.846369297
3.0 10.0 0.2543045989 1.0933579656
3.0 14.0 1.7126165939 4.3535176178
7.0 40.0 1.5114430212 18.258926972
6.0 2.0 2.9007228811 0.9201227975
9.0 47.0 3.6771459957 23.115393177
12.0 58.0 3.3195574958 6.6862386147
13.0 20.0 6.3787718989 7.0135000786
14.0 4.0 6.6076580316 1.8367453344
10.0 28.0 4.9552799423 13.376442052
14.0 39.0 2.4488643513 14.245099156
14.0 6.0 4.0324008232 2.7200356297
2.0 23.0 0.3248978766 4.4842792927
12.0 14.0 3.0429210859 3.874816591
15.0 18.0 5.3364816964 3.2454721214
13.0 2.0 6.5821075733 0.7798798366
3.0 33.0 0.3334649583 9.1761488111
5.0 30.0 2.2748502298 7.2817237022
14.0 44.0 4.6829854447 6.4713154309
8.0 25.0 3.4966130063 11.143825289
11.0 50.0 5.1849267797 5.0829200368
11.0 6.0 4.7518891334 2.1727584136
12.0 15.0 7.0732601323 2.9932480234
9.0 58.0 4.8109195342 7.6476791284
14.0 39.0 0.8614581451 10.750555625
10.0 52.0 5.0962536568 21.943611029
8.0 56.0 1.1841724743 4.0142720734
12.0 42.0 2.556621759 15.978747583
10.0 11.0 1.8084690884 5.257132984
12.0 33.0 5.0050869658 3.2826260971
2.0 25.0 0.4787111693 10.955729524
14.0 47.0 7.3926687912 13.811663807
10.0 46.0 5.4049913493 8.9924171538
8.0 61.0 4.7562247675 26.518941982
14.0 51.0 5.4222652868 13.175962014
2.0 14.0 0.6208831305 6.4534503577
2.0 36.0 0.2339178206 13.656642378
9.0 25.0 1.4027056818 7.7304144103
10.0 45.0 1.6466404953 13.492957396
14.0 6.0 2.6954621134 0.4036532405
5.0 47.0 2.2873452102 16.57590382
11.0 45.0 0.657433793 14.188527297
9.0 37.0 3.2050431343 12.283781829
14.0 41.0 5.0399812255 14.100121476
6.0 9.0 3.5972823951 1.3884293462
5.0 21.0 1.1338775373 7.0607056726
14.0 63.0 0.9006376892 22.025345839
10.0 46.0 4.1885388473 9.6082814034
11.0 14.0 1.3277598074 6.4314794505
11.0 48.0 2.9767679666 8.0152436923
12.0 24.0 3.889160059 9.8222506476
9.0 61.0 1.8259445433 23.919472707
12.0 15.0 3.6820814376 3.0052232768
11.0 32.0 1.5505205223 12.525186209
15.0 51.0 4.0162293451 7.4710987104
13.0 40.0 4.0092165017 19.048757135
5.0 31.0 1.6156136395 15.262672603
7.0 50.0 2.4431048786 15.273585485
5.0 60.0 2.4792993571 10.006589558
12.0 6.0 1.3360113983 1.2766010505
8.0 47.0 0.804998095 21.786286891
5.0 11.0 1.2856538667 5.3846130867
10.0 60.0 3.094780752 26.390466726
8.0 61.0 3.0603774379 21.305548397
8.0 31.0 3.3185369636 6.1764364725
15.0 58.0 2.9433436297 24.675749523
8.0 13.0 2.6397648297 6.4186121419
5.0 20.0 1.6389619567 7.4573508025
11.0 4.0 4.1493869028 0.3994660583
11.0 11.0 2.6672268402 2.2922445759
14.0 55.0 3.5380031979 22.781468047
5.0 4.0 0.618339421 0.3889364407
10.0 42.0 4.1699550799 6.159024327
15.0 26.0 4.2111528305 5.7157948224
8.0 4.0 1.1019911126 1.4362027675
15.0 37.0 2.0961789191 5.2258332745
9.0 54.0 3.3173905454 24.195409797
4.0 50.0 0.9086399213 16.371229692
7.0 23.0 1.6600388698 1.5231861095
13.0 54.0 5.2714151197 17.495361258
4.0 24.0 2.0995787097 1.4659851051
2.0 52.0 0.986681958 15.753590626
8.0 59.0 1.2913914803 26.237957645
10.0 5.0 3.9545850731 1.8875190828
2.0 45.0 0.5588011484 14.804165788
8.0 34.0 2.9868550542 5.6134134829
3.0 52.0 1.681134095 13.642466834
13.0 11.0 2.5612318995 4.5303440051
9.0 33.0 4.2201263009 5.2983632272
10.0 53.0 0.9991013804 15.109485664
2.0 56.0 0.8226071791 7.0008046428
2.0 10.0 0.6789491968 3.5738322598
15.0 33.0 1.1225246713 11.323577189
11.0 12.0 0.9592622074 5.4827052223
3.0 6.0 0.7220168666 2.4355862463
4.0 50.0 0.2769498612 7.2824829942
6.0 2.0 2.6923259027 0.1676799724
5.0 39.0 1.9397676466 12.066238471
3.0 44.0 0.7554038593 3.366383228
7.0 3.0 1.2947085062 0.399031301
7.0 56.0 1.2692675991 9.3909830091
4.0 12.0 1.5985280351 5.5904923831
9.0 5.0 2.1397811335 2.1929882636
7.0 35.0 0.9943929359 6.1088000107
15.0 46.0 1.499039842 12.00484872
15.0 30.0 2.1725309792 5.3112013061
6.0 60.0 2.6368175847 12.792683189
13.0 41.0 5.1534512626 4.440305718
2.0 53.0 1.0969884473 8.5491854587
9.0 20.0 0.9682487291 6.6460467998
14.0 48.0 4.2567649352 14.077878981
5.0 24.0 0.7840445151 9.8423641111
5.0 27.0 0.3060881266 9.480402495
15.0 53.0 7.8805939928 3.2743623472
5.0 32.0 2.1395625545 14.483691567
10.0 36.0 5.7895508971 16.674552808
6.0 58.0 2.071421442 24.786920379
15.0 62.0 5.1535101279 15.572105988
13.0 46.0 0.8349718474 8.9744340712
3.0 37.0 0.8548854931 9.4904846145
15.0 38.0 7.1043978864 8.2880508942
5.0 59.0 1.979985713 14.506700893
5.0 32.0 1.1160085299 2.9093871083
3.0 8.0 1.3907384112 3.0568619357
12.0 51.0 6.7104737134 19.208708283
12.0 59.0 3.7499277895 3.6471308308
3.0 59.0 1.6342077724 18.918144155
14.0 50.0 0.8394493959 7.8084211277
11.0 31.0 0.8703908897 6.1971055287
13.0 36.0 5.020284731 15.631852144
15.0 49.0 1.7877955425 6.1432514408
15.0 34.0 8.3625053584 3.8624304648
2.0 4.0 0.2365140406 0.9132053406
4.0 20.0 1.9694689917 2.1543516396
7.0 13.0 0.4280170895 3.4125003194
3.0 31.0 0.2794718887 8.3820439253
12.0 32.0 3.8982569511 3.1990367356
13.0 27.0 2.2037556813 5.1243409069
4.0 59.0 1.3032746553 23.096624199
8.0 2.0 1.1795362159 0.7772196787
8.0 19.0 0.995398536 2.1426307932
8.0 26.0 0.9122970996 4.2483814883
2.0 55.0 1.027446576 7.9192619615
15.0 22.0 3.108185028 4.2717398871
2.0 59.0 0.7526776431 7.3186854517
5.0 35.0 1.6367095046 11.717904784
11.0 29.0 1.6361713414 11.622939793
2.0 4.0 0.3570827486 1.0092548067
11.0 10.0 1.5652381522 2.214337305
5.0 6.0 1.9041502125 0.7675408969
5.0 53.0 2.6596397632 21.106487722
8.0 37.0 2.3315835706 17.536306438
10.0 58.0 2.2266549799 27.946343906
7.0 57.0 1.2398957325 3.1987881223
12.0 3.0 1.9982809709 0.6822671857
6.0 27.0 3.1780235692 3.5280095696
8.0 9.0 2.0566933109 1.2205663886
5.0 60.0 2.7341469081 25.931232046
7.0 63.0 0.9673332232 18.408843898
8.0 20.0 2.4608584764 6.0359769445
6.0 5.0 2.0862429575 1.4871894657
12.0 48.0 2.4173889493 12.271783221
7.0 51.0 4.0630461953 19.957250753
6.0 27.0 2.9257856868 8.3785082879
10.0 42.0 2.7563468632 12.279375041
5.0 38.0 2.6899086954 9.1456062709
6.0 51.0 1.9490369975 21.728739816
3.0 7.0 0.4840465413 2.8726760093
9.0 31.0 3.5983217803 10.197531785
2.0 12.0 0.4048461763 0.875023736
6.0 3.0 3.0565858732 1.0325431827
13.0 54.0 3.7202180472 24.49419068
11.0 16.0 1.5767398641 3.16576023
6.0 48.0 3.169321476 22.189578998
4.0 49.0 0.5424677996 5.6705769141
9.0 27.0 2.1413737936 8.3992436414
11.0 56.0 4.7716219353 7.1585429809
10.0 60.0 4.5458050463 19.677014528
2.0 21.0 0.7695308422 4.2791016162
14.0 16.0 1.6604903567 5.8714371267
5.0 60.0 2.5535935322 12.366228714
2.0 35.0 0.8409172012 9.5774554563
8.0 36.0 4.3342948265 15.123947524
3.0 7.0 0.7765239771 1.6807810394
13.0 45.0 1.9398057976 16.753438599
3.0 40.0 1.5630101325 18.701093565
3.0 22.0 0.2602922024 8.0949049608
9.0 30.0 3.7724947298 1.5194345445
9.0 5.0 3.1062765395 1.9513561377
8.0 62.0 1.1532752295 8.6770171455
5.0 10.0 2.7387442865 1.8733670606
2.0 57.0 0.9256003254 24.704848464
4.0 46.0 0.7143246111 13.330382523
15.0 32.0 1.0297359565 5.4776941868
11.0 36.0 3.8416375028 3.8954312852
5.0 60.0 1.8618361315 4.6552740377
9.0 20.0 2.9864759302 2.0826970994
6.0 45.0 2.8758514726 16.860697449
9.0 16.0 3.8230235778 6.3161777514
12.0 2.0 0.8282391051 0.6619755954
13.0 21.0 3.6620083569 1.7712860269
7.0 44.0 0.718794446 20.337466954
14.0 12.0 7.6655365661 1.9309323957
15.0 52.0 8.0878906499 17.069837018
15.0 34.0 2.562048206 10.431733053
7.0 29.0 2.4437544378 4.4060386502
15.0 59.0 4.5225054432 13.976459308
9.0 36.0 4.2227906847 6.5118266625
5.0 53.0 0.8844128468 25.543837062
8.0 42.0 2.7948276149 19.684392664
14.0 8.0 6.9363401947 3.8609367255
15.0 5.0 6.4504875571 1.6223525558
14.0 19.0 2.2231425964 8.7564309627
14.0 54.0 3.750497642 12.016300177
15.0 48.0 8.5950884493 5.7236957597
10.0 41.0 1.2062846104 5.8908601516
6.0 51.0 0.4669675138 12.636783143
13.0 12.0 5.3274543857 3.198244563
6.0 11.0 1.9269638981 0.9217276379
3.0 47.0 1.1919429439 16.343683837
12.0 4.0 4.0847026976 1.675317306
7.0 62.0 3.939453515 29.898490411
8.0 58.0 4.7501706144 14.87742139
9.0 36.0 3.7398561464 10.251601323
12.0 4.0 4.8338485363 1.1104150133
12.0 37.0 6.8913121268 7.7558042988
13.0 26.0 3.8191841752 6.7983190788
4.0 11.0 0.4962720354 0.8059437646
13.0 33.0 6.3642733021 10.513625878
9.0 20.0 5.3703327246 3.406449467
7.0 36.0 2.8863483214 16.512006524
15.0 45.0 4.8775726777 16.756045358
14.0 19.0 6.8955024605 4.8524416349
5.0 12.0 1.4790110468 5.106372357
12.0 12.0 4.1881741288 3.024299935
14.0 47.0 8.1935278374 3.3914854167
12.0 18.0 2.9845546122 8.4808047576
14.0 53.0 2.6520293952 24.390817991
2.0 5.0 0.19749786 2.2916429735
8.0 63.0 0.9523038752 30.736114137
2.0 9.0 0.4847329415 2.6429671354
8.0 38.0 4.7397581991 10.784773083
8.0 4.0 0.7213197274 1.0241987298
2.0 31.0 0.1844701563 13.874602159
5.0 56.0 0.893185817 23.551181207
13.0 46.0 5.7695744302 4.171685631
8.0 33.0 3.4185838728 8.9885990963
8.0 31.0 1.8216785071 6.9639804834
5.0 19.0 1.5082382376 1.2329912631
8.0 47.0 3.9693247156 3.9128637999
10.0 39.0 1.0400932028 9.7092700893
6.0 12.0 1.8863318317 4.624831672
14.0 10.0 8.2355368041 0.9354589908
7.0 4.0 1.5353844066 1.6117808641
7.0 41.0 2.1377292135 20.166044772
8.0 5.0 2.8152256341 0.8599411126
11.0 34.0 4.8360825866 7.3740476859
6.0 47.0 1.0377730938 9.1723211406
12.0 36.0 2.8088289069 5.8141048048
9.0 23.0 3.2495357238 9.216788256
3.0 22.0 1.1563684341 1.4641439439
4.0 55.0 0.2458849503 18.410104466
5.0 30.0 2.489661808 10.059078058
2.0 20.0 1.0552926381 2.0336339033
9.0 23.0 1.0379348128 11.450879087
6.0 8.0 2.9499793401 3.8295639941
2.0 5.0 0.2926677202 1.1109594402
9.0 21.0 2.8181632217 3.203144375
4.0 55.0 0.8230569588 11.084741029
5.0 20.0 1.6719364247 2.5010173724
13.0 13.0 2.0906998425 5.9724132106
9.0 52.0 1.3792628557 19.63283553
10.0 53.0 0.782354077 21.515415265
4.0 35.0 1.1243601033 17.134531137
14.0 50.0 2.5340852208 7.7568383401
14.0 36.0 8.3614853891 17.032248819
11.0 30.0 3.8984834561 14.551017114
5.0 10.0 0.4792464494 1.1339545287
10.0 52.0 5.3272734977 18.285888673
6.0 25.0 1.8035343468 4.0065878853
13.0 12.0 4.9436569945 4.3968213664
