213.9 966.0 55.8 209.3
501.2 1955.1 107.4 605.15
430.0 1407.6 103.2 538.2
312.0 711.6 78.0 385.45
104.0 391.6 31.2 115.7
106.0 514.8 31.8 152.1
193.5 1053.0 77.4 253.5
189.0 966.6 54.0 232.7
114.0 916.5 68.4 397.15
143.0 1547.1 85.8 372.45
155.2 882.5 58.2 229.45
182.4 609.5 57.6 172.25
188.0 1400.7 56.4 313.95
330.2 623.9 76.2 238.55
277.2 1014.3 79.2 286.65
175.5 591.6 70.2 226.2
297.0 787.5 81.0 341.25
308.0 1159.4 66.0 342.55
450.9 1752.4 100.2 438.1
392.6 994.4 90.6 293.8
420.9 1898.1 109.8 456.95
360.8 2746.3 98.4 615.55
164.9 1082.4 58.2 293.15
265.2 1903.5 93.6 458.25
183.4 840.0 78.6 260.0
154.0 552.0 66.0 224.25
276.0 1297.2 72.0 366.6
153.6 1319.5 57.6 295.75
186.2 1003.2 58.8 296.4
300.9 1140.0 106.2 390.0
294.0 1075.9 63.0 241.15
235.8 1121.0 78.6 383.5
345.8 2010.0 109.2 522.6
379.2 1490.6 94.8 334.1
182.4 908.5 91.2 256.75
210.0 684.0 63.0 234.0
280.6 1310.0 73.2 425.75
221.0 1560.6 78.0 375.7
161.0 798.0 69.0 185.25
80.4 566.0 40.2 367.9
192.6 1179.9 64.2 333.45
122.4 448.8 40.8 171.6
229.5 1113.2 91.8 328.9
103.7 453.0 36.6 196.3
112.0 400.4 42.0 118.3
336.0 1107.8 96.0 248.3
268.8 1147.2 76.8 310.7
181.2 1394.4 90.6 323.7
223.2 1133.6 55.8 283.4
147.9 1019.2 52.2 254.8
292.5 842.1 70.2 260.65
319.2 1040.4 91.2 397.8
270.0 951.9 60.0 325.65
260.8 1634.6 97.8 482.95
268.8 1157.0 100.8 289.25
198.9 875.2 70.2 355.55
386.4 1077.0 82.8 466.7
165.0 1016.0 90.0 330.2
501.2 1305.2 107.4 326.3
183.4 961.4 78.6 284.05
340.0 1255.8 120.0 354.9
220.8 356.4 55.2 128.7
314.6 795.9 85.8 246.35
104.0 322.4 24.0 161.2
327.0 1089.6 65.4 295.1
351.0 1094.6 70.2 273.65
182.4 905.8 57.6 420.55
193.2 825.0 82.8 243.75
307.5 1453.2 73.8 337.35
163.8 782.8 46.8 267.8
273.6 841.6 86.4 341.9
435.6 961.6 118.8 390.65
313.6 427.5 67.2 146.25
288.2 1495.8 78.6 360.1
310.0 1096.3 74.4 375.05
180.0 1272.5 72.0 330.85
